NoiseGyro: 1.7e-4 #1.6968e-04 
NoiseAcc: 2.0000e-3 #2.0e-3
GyroWalk: 1.9393e-03 
AccWalk: 3.0000e-03 # 3e-03
Frequency: 200 # True for collected data
biasGyro: [0,0,0] # [0.00155687,-0.000796512,0.000187592] # Initial Bias data
biasAcce: [0,0,0] # [-0.00567458,0.0124683,0.0365886] # Initial Bias data

  

